58446 51088.118 -0.000699743 0.000 0.000247397 0.000000 6
58446 51414.106 0.001797664 5.514 0.001804986 0.000000 6
58446 51423.140 0.001717935 5.514 0.001688645 0.000000 6
58446 51487.105 0.000884073 5.514 0.001606859 0.000000 6
58446 51491.099 0.000207816 5.595 0.001521976 0.028373 6
58446 51628.095 -0.000576955 5.519 0.001450464 0.037612 6
58446 51896.132 -0.002296107 4.932 0.001486708 0.210446 6
58446 52293.105 -0.003134647 3.746 0.001421937 0.463484 6
58446 52495.105 -0.003341241 3.102 0.001332105 0.489645 6
58446 52573.748 -0.000530423 0.000 0.000187533 0.000000 6
58446 52907.445 -0.002296296 -6.875 0.001539594 0.000000 6
58446 52975.436 -0.000854833 -6.875 0.001527672 0.000000 6
58446 53043.433 0.000679995 -6.875 0.001528569 0.000000 6
58446 53048.443 0.001396941 -6.875 0.001452139 0.000000 6
58446 53112.442 0.000739704 -6.875 0.001378084 0.000000 6
58446 53179.437 0.000335889 -7.236 0.001296961 0.127733 6
58446 53584.443 0.000683268 -6.973 0.001219397 0.151597 6
58446 53723.443 0.002028943 -6.704 0.001235888 0.170739 6
58446 54074.437 0.002709423 -5.797 0.001180836 0.358229 6
58446 54257.444 0.002926410 -5.286 0.001107231 0.380647 6
58446 54535.443 0.002442401 -4.638 0.001049762 0.423310 7
58446 54792.443 0.001395763 -4.553 0.001049372 0.397123 7
58446 55187.434 0.001451570 -4.461 0.000981796 0.372902 7
58446 55584.433 0.001474100 -4.321 0.000918420 0.352288 7
58446 55985.435 0.002168265 -4.114 0.000893472 0.337588 7
58446 56117.437 0.002116833 -4.047 0.000835964 0.316662 8
