58526 2727.509 0.092644472 16.329 0.032754767 6.091289 6
58526 2861.503 0.052291155 23.011 0.033798139 6.168277 6
58526 3254.541 0.000935103 23.362 0.036458270 5.771225 6
58526 3784.526 -0.006730109 20.075 0.034211098 5.522096 6
58526 4041.476 -0.010353151 17.538 0.032027178 5.242777 6
58526 4170.540 -0.014373944 15.770 0.029992390 4.943859 7
58526 4625.575 -0.011138386 14.561 0.028078624 4.644247 7
58526 5278.517 -0.014688555 12.275 0.026295122 4.418890 7
58526 6343.575 -0.012967781 9.109 0.024604357 4.282369 7
58526 6743.481 -0.013528784 7.818 0.023016123 4.031678 7
58526 6878.569 -0.014713265 7.345 0.021533684 3.775004 8
58526 8845.487 -0.012732811 5.852 0.020155084 3.570419 8
58526 9107.575 -0.011056026 5.679 0.018862673 3.340379 8
58526 9370.476 -0.020724847 5.354 0.017972510 3.126749 8
58526 11452.495 -0.016994331 1.239 0.016863402 3.266692 9
58526 12236.576 -0.019506517 1.011 0.015799254 3.056772 9
58526 13302.574 -0.015417571 0.766 0.014849387 2.860659 9
58526 14353.575 -0.012264422 0.574 0.013934994 2.676763 9
58526 15392.575 -0.010353007 0.414 0.013052500 2.504524 10
58526 15907.547 -0.009136574 0.397 0.012217068 2.342776 10
58526 18042.575 -0.013369672 -1.275 0.011525604 2.269783 10
58526 20161.574 -0.012399690 -2.836 0.010786668 2.193726 10
58526 21237.575 -0.012302647 -2.885 0.010090062 2.052117 10
58526 22300.575 -0.007637486 -2.916 0.009581422 1.919609 10
58526 23359.575 -0.006413753 -2.941 0.008973037 1.795652 10
58526 24389.575 -0.005235793 -2.961 0.008403833 1.679694 10
58526 26512.575 -0.003980633 -3.461 0.007873582 1.581132 10
58526 27584.575 -0.002893331 -3.473 0.007375087 1.479019 10
58526 29657.575 -0.001370529 -3.649 0.006919739 1.384892 10
58526 30733.575 -0.000696829 -3.651 0.006477204 1.295449 10
58526 31785.575 -0.000063952 -3.652 0.006063000 1.211781 10
58526 33875.540 0.000798365 -3.550 0.005679605 1.134088 10
58526 36008.569 0.001278653 -3.390 0.005315497 1.062350 10
58526 37032.520 0.001155788 -3.386 0.004972382 0.993739 10
58526 38081.499 0.001044566 -3.381 0.004651404 0.929558 10
58526 40193.476 0.000701795 -3.293 0.004352677 0.870086 10
58526 41265.503 0.000348994 -3.291 0.004073467 0.813891 10
58526 43356.497 -0.000243349 -3.322 0.003816130 0.761404 10
58526 44407.481 -0.000471552 -3.324 0.003570575 0.712229 10
58526 46498.525 -0.000441598 -3.381 0.003339984 0.666526 10
58526 47532.499 -0.000383868 -3.382 0.003124335 0.623478 10
58526 49667.497 -0.000237583 -3.412 0.002923006 0.583305 10
58526 50723.476 0.000062905 -3.412 0.002736285 0.545632 10
58526 52828.553 0.000064481 -3.403 0.002559560 0.510400 10
58526 53892.534 0.000487882 -3.401 0.002398924 0.477436 10
58526 55994.536 0.000772501 -3.303 0.002246243 0.447941 10
58526 58153.569 0.000830497 -3.201 0.002101268 0.420585 10
58526 59235.477 0.000818675 -3.197 0.001965561 0.393423 10
58526 60312.575 0.000841038 -3.194 0.001838631 0.368015 10
58526 62398.486 0.000823753 -3.089 0.001719893 0.346248 10
58526 64520.480 0.000479894 -3.029 0.001613399 0.324587 10
58526 65559.501 -0.000069752 -3.029 0.001521656 0.303623 10
58526 66601.530 -0.000320947 -3.030 0.001426147 0.284014 10
58526 68727.484 -0.000780362 -3.128 0.001343891 0.267918 10
58526 70846.528 -0.000822965 -3.232 0.001257185 0.253276 10
58526 72938.504 -0.000709597 -3.322 0.001176671 0.239061 10
58526 75049.523 -0.000655365 -3.405 0.001100842 0.225528 10
58526 76076.485 -0.000237286 -3.406 0.001040299 0.210962 10
58526 78191.533 0.000105464 -3.392 0.000980626 0.197393 10
58526 80338.493 0.000298169 -3.355 0.000919819 0.185109 10
58526 82468.500 0.000254378 -3.323 0.000860551 0.173520 10
58526 83531.533 0.000153145 -3.323 0.000805767 0.162314 10
58526 84586.552 0.000032317 -3.323 0.000754936 0.151830 10
