58447 11270.459 0.000000000 -4.047 0.000000060 0.000000 6
58447 11277.461 0.000262685 -4.042 0.000092874 0.001598 6
58447 11344.465 0.000218910 -4.028 0.000088243 0.005168 6
58447 11530.469 0.000129921 -4.005 0.000088337 0.009473 6
58447 11598.469 0.000088566 -4.000 0.000083915 0.009090 6
58447 11664.469 0.000055959 -3.996 0.000079337 0.008594 6
58447 11744.464 0.000075951 -3.990 0.000074549 0.008296 7
58447 11844.460 0.001018231 -3.966 0.000340366 0.011571 7
58447 12509.470 0.002297674 -3.602 0.000553163 0.129249 7
58447 13432.470 0.003186331 -2.901 0.000605355 0.275817 7
58447 13964.482 0.002039590 -2.642 0.000696437 0.273736 7
58447 15013.469 0.001561602 -2.261 0.000673020 0.289369 7
58447 15280.470 0.001372813 -2.173 0.000633081 0.272437 7
58447 15539.470 0.001124162 -2.104 0.000598683 0.256021 7
58447 15801.469 0.000417984 -2.078 0.000613151 0.239664 7
58447 16068.470 0.000440967 -2.050 0.000573608 0.224404 7
58447 17128.470 0.000289597 -1.979 0.000539224 0.211395 7
58447 17918.470 0.000253985 -1.931 0.000504555 0.198463 8
58447 19364.459 0.000190319 -1.915 0.000472504 0.185736 8
